SOLVES_STATE = (
  0,0,0, 0,0,0, 0,0,0,
  1,1,1, 1,1,1, 1,1,1,
  2,2,2, 2,2,2, 2,2,2,
  3,3,3, 3,3,3, 3,3,3,
  4,4,4, 4,4,4, 4,4,4, 
  5,5,5, 5,5,5, 5,5,5
)
MOVES = {
  'U' : (
    (0, 2, 8, 6), (1, 5, 7, 3),
    (18, 36, 45, 9), (19, 37, 46, 10), (20, 38, 47,  11)
  ),\
  'U\'': (
        (0, 6, 8, 2), (1, 3, 7, 5), 
        (18, 9, 45, 36), (19, 10, 46, 37), (20, 11, 47, 38) 
    ),
    'R' : (
      (9, 11, 17, 15), (10, 14, 16, 12),
      (2, 51, 29, 20), (5, 48, 32, 23), (8, 45, 35, 26)
    ),
    'R\'' : (
      (9, 15, 17, 11), (10, 12, 16, 14),
      (2, 20, 29, 51), (5, 23, 32, 48), (8, 26, 35, 45)
    ),
    'F': (
        (18, 20, 26, 24), (19, 23, 25, 21), 
        (6, 9, 29, 44), (7, 12, 28, 41), (8, 15, 27, 38) 
    ),
    'F\'': (
        (18, 24, 26, 20), (19, 21, 25, 23),
        (6, 44, 29, 9), (7, 41, 28, 12), (8, 38, 27, 15)
    ),
    'D': (
        (27, 29, 35, 33), (28, 32, 34, 30), 
        (24, 15, 51, 42), (25, 16, 52, 43), (26, 17, 53, 44) 
    ),
    'D\'': (
        (27, 33, 35, 29), (28, 30, 34, 32),
        (24, 42, 51, 15), (25, 43, 52, 16), (26, 44, 53, 17)
    ),
    'L': (
        (36, 38, 44, 42), (37, 41, 43, 39), 
        (0, 18, 27, 53), (3, 21, 30, 50), (6, 24, 33, 47)
    ),
    'L\'': (
        (36, 42, 44, 38), (37, 39, 43, 41),
        (0, 53, 27, 18), (3, 50, 30, 21), (6, 47, 33, 24)
    ),
    'B': (
        (45, 47, 53, 51), (46, 50, 52, 48), 
        (0, 36, 33, 17), (1, 39, 34, 14), (2, 42, 35, 11)
    ),
    'B\'': (
        (45, 51, 53, 47), (46, 48, 52, 50),
        (0, 17, 33, 36), (1, 14, 34, 39), (2, 11, 35, 42)
    )
}